# Created by Octave 3.8.1, Thu Feb 11 15:16:05 2016 IST <dilip@dilip-notebook-pc>
# name: datasize
# type: matrix
# rows: 1
# columns: 2
 150 5


# name: train_test_ratio
# type: matrix
# rows: 1
# columns: 2
 0.7 1


# name: weight_initial
# type: matrix
# rows: 1
# columns: 4
 0.007367793691025848 0.6347679645402428 0.6434817846483839 0.5491073031620826


# name: weight_final
# type: matrix
# rows: 1
# columns: 4
 80.50736779369142 248.3347679645404 -399.7565182153523 -182.8508926968382


# name: err_in
# type: matrix
# rows: 1
# columns: 25
 0.6476190476190476 0.3523809523809524 0.3523809523809524 0.3523809523809524 0.6476190476190476 0.3523809523809524 0.3523809523809524 0 0 0 0 0 0 0 0 0 0 0 0 0 0 0 0 0 0


# name: err_out
# type: matrix
# rows: 1
# columns: 25
 0.2133333333333333 0.09333333333333334 0.09333333333333334 0.09333333333333334 0.2133333333333333 0.09333333333333334 0.09333333333333334 0 0 0 0 0 0 0 0 0 0 0 0 0 0 0 0 0 0


